time,x,y,z,phi,theta,psi,x_velocity,y_velocity,z_velocity,phi_velocity,theta_velocity,psi_velocity,rotor_speed1,rotor_speed2,rotor_speed3,rotor_speed4
0.06,-8.16951944023e-08,9.67043675888e-08,10.0035119569,0.0001060821903,9.12785423326e-05,0.0,-7.66300970666e-06,8.99379439239e-06,0.117059645972,0.00508858890341,0.00440263187846,0.0,441.9151404869437,442.277800032641,442.2532161674736,442.6720340960485
0.12000000000000001,-5.36368444659e-06,4.90024230491e-06,10.0198004732,0.000155541174712,0.00097344072388,0.0,-0.000251777508353,0.0001770441474,0.425827032721,-0.00947167009604,0.0298894499477,0.0,497.7925180249761,499.6536591782659,499.4061877748137,498.34321100521163
0.18,-5.09946632531e-05,1.66698041768e-05,10.0507055409,6.28275918311,0.0031460047232,0.0,-0.00149708763918,0.000149943759921,0.604263664426,-0.0101436893228,0.0465372634177,0.0,460.30654162242735,461.6224153520844,461.72821796216687,461.6753332758597
0.23999999999999996,-0.000203197349916,1.67590371357e-05,10.0863490443,6.28246100615,0.00580518316211,0.0,-0.00380617293403,-0.00018378394326,0.583863007714,0.00376643678417,0.0394695810656,0.0,397.7952969280203,397.1490302151624,396.3944474775461,397.6705574782627
0.3,-0.000550952895238,-7.37896619429e-06,10.1228105829,6.28248412867,0.0076843316256,0.0,-0.00799486287671,-0.000608074814304,0.631494774536,-0.00742010795159,0.00528204860099,0.0,421.99034368462674,419.02963308641466,420.6240220562339,419.6542712868959
0.36000000000000004,-0.00121609533506,-6.25763773633e-05,10.1669995242,6.28210051407,0.00766332697187,0.0,-0.0141971274479,-0.00128065933488,0.841338626958,-0.00441565826824,-0.0150653376906,0.0,470.92648021665906,469.35019340745157,471.5645691821492,471.7966686777099
0.4200000000000001,-0.00224149164013,-0.000165401783316,10.2229895482,6.28208110386,0.0065470075021,0.0,-0.0198674718978,-0.00216175158632,1.02484960735,0.00681106187129,-0.0268400891987,0.0,463.83653678009273,462.91107435761273,462.949037233751,463.8314576412004
0.48000000000000015,-0.00360496986742,-0.000323295126133,10.2942199031,6.2821107132,0.00510548610587,0.0,-0.0253742006289,-0.00306512143342,1.34917205877,-0.0167808364641,-0.0189193165916,0.0,504.43573014719357,505.0073135269318,504.39508513477745,502.68864403846334
0.5400000000000001,-0.00524278455446,-0.0005364187067,10.3810883525,6.2805632687,0.00387633233413,0.0,-0.0290811458664,-0.00417089433354,1.54619793392,-0.0578860730311,-0.0238188128494,0.0,468.5869150474844,468.20596262533934,470.100267456063,466.90420749963357
0.6000000000000002,-0.00705862371929,-0.000850855201631,10.4758329787,6.2768763841,0.00250416865862,0.0,-0.0313108598895,-0.00665585272016,1.6118649621,-0.0697392520538,-0.0210353339558,0.0,429.19154710474476,429.4276445606409,427.70608043626936,426.6925283640658
0.6600000000000003,-0.0089846788413,-0.00139783470132,10.5757282831,6.27230456926,0.0013005814135,0.0,-0.0327639043222,-0.0120210553863,1.71782199847,-0.0940123650086,-0.0181769470487,0.0,440.54470985126454,440.7809982916436,443.0282200815844,441.02315683756126
0.7200000000000003,-0.0109718464109,-0.00235114999271,10.6805917469,6.26637140936,5.33374109661e-05,0.0,-0.0333632533,-0.0203084552193,1.77752868362,-0.111040508139,-0.0265988267248,0.0,426.58245550349324,425.8627171671145,428.25795224114506,426.7981811200965
0.7800000000000004,-0.0129685359083,-0.0039480273596,10.7905557094,6.25984475675,6.28151592542,0.0,-0.033021760718,-0.0335998175995,1.88774793904,-0.104600953302,-0.0333132646154,0.0,443.1573045622327,442.6048383578354,443.36073524458885,443.87898721379565
0.8400000000000004,-0.0149051589956,-0.00650040460575,10.9080459182,6.253302156,6.27929398124,0.0,-0.0313062952425,-0.052163597652,2.02833502428,-0.119859267701,-0.0457596194751,0.0,454.18676599734266,453.1868609231639,453.11472074648253,451.8760655501881
0.9000000000000005,-0.0166807834025,-0.0103610269127,11.035489971,6.24587869255,6.27672032602,0.0,-0.0275761731735,-0.0773548386481,2.21941954236,-0.132852811694,-0.0377056249796,0.0,468.31782994809635,468.9429057353397,469.6719251763479,468.650007993005
0.9600000000000005,-0.0181780747255,-0.0158926664286,11.1739413581,6.23775466829,6.27497427048,0.0,-0.0221134206903,-0.107929671184,2.39523540811,-0.141049367755,-0.0158680719939,0.0,464.14437602111775,465.8546960800998,465.615546142219,464.9577918195901
1.0200000000000005,-0.0193167631904,-0.0234229314325,11.3224207902,6.22940322237,6.27412165065,0.0,-0.0157459718563,-0.143992743123,2.55368976196,-0.135714788668,-0.0110855544221,0.0,459.94014143505757,460.31885955250164,461.14904777567557,461.5530066962926
1.0800000000000005,-0.020095452285,-0.0330610336835,11.4760307026,6.22155266538,6.27322717781,0.0,-0.0101422197131,-0.17798673844,2.56656647237,-0.122551673698,-0.0239261185299,0.0,415.79586677662843,414.66949044293483,414.62341152832624,415.76108369448735
1.1400000000000006,-0.0205030832706,-0.0449781504896,11.6319906286,6.21407858699,6.27189324156,0.0,-0.00331282404169,-0.219958548912,2.63189572168,-0.128935876513,-0.0190435855228,0.0,432.7043690868978,433.1151593515995,432.67991925723396,432.12750235714566
1.2000000000000006,-0.0204529393424,-0.0597005182434,11.7938258989,6.20622238498,6.27059896172,0.0,0.00511016335526,-0.271594698921,2.76223734718,-0.135267935299,-0.0271776363755,0.0,453.69338088442004,453.03983689308643,454.0912478279474,453.5676363005847
1.2600000000000007,-0.019835487498,-0.0778864928908,11.9659453924,6.19834004612,6.26892580384,0.0,0.0156610339397,-0.335509618075,2.97446042102,-0.124546652146,-0.0293414204707,0.0,478.90832045635176,478.74357255382694,478.65838626253645,479.45903528742303
1.3200000000000007,-0.0185460215718,-0.100081980812,12.1506425565,6.19037336889,6.26694293582,0.0,0.0275326175804,-0.405188805288,3.1814598764,-0.159251797991,-0.0417399293494,0.0,479.5120444164714,478.568881047474,479.626262451946,476.9673632994542
1.3800000000000008,-0.0165573102169,-0.1262976305,12.3439403311,6.18070165023,6.26404277271,0.0,0.039017275834,-0.469595156631,3.26145754418,-0.165390897781,-0.0667241718879,0.0,442.45999347046126,440.3965881051351,441.57692860116015,441.045228296593
1.4400000000000008,-0.0137962454205,-0.156675753583,12.5429980069,6.17038161163,6.26038979176,0.0,0.0534084194022,-0.544017371148,3.37332865036,-0.190413689177,-0.0512109169839,0.0,451.2833451274887,452.53118767177955,453.3744715113395,451.33090171453074
1.5000000000000009,-0.010169211388,-0.191392502412,12.7457133821,6.15852096697,6.25759907523,0.0,0.0677519798195,-0.614228575658,3.38366224504,-0.21896644234,-0.0384696266011,0.0,419.86667244650516,420.96921426248593,421.79351598431595,419.2784528151211
1.560000000000001,-0.00548311856563,-0.231274432558,12.9547611161,6.14502154934,6.25555191363,0.0,0.0886890110337,-0.716636919981,3.58373344436,-0.241087518759,-0.0265954510783,0.0,479.9858843747168,480.88579845869015,480.8959463165927,479.17053181848223
1.620000000000001,0.000417634507286,-0.277186817964,13.1726690412,6.13079134479,6.2541482592,0.0,0.10814548132,-0.815179540671,3.67929116375,-0.23031652251,-0.0176581439114,0.0,449.24779393670616,449.9718609313416,450.7124800753761,451.52688791476504
1.680000000000001,0.0075678397566,-0.329590873031,13.3981214502,6.117611522,6.25318151109,0.0,0.130290266702,-0.933015816375,3.83496819477,-0.204112878765,-0.0131877924813,0.0,469.3973397541562,469.7442480364682,469.5381401929525,471.5211321523366
1.740000000000001,0.0160143918979,-0.389059596853,13.6311254812,6.10544875552,6.25215739501,0.0,0.151340789807,-1.05044862614,3.93120828084,-0.200054462736,-0.02625194955,0.0,454.7576032188828,453.7099340329672,452.63297397606095,452.9200098347663
1.8000000000000012,0.0256668073802,-0.455358761983,13.8672992177,6.09350854412,6.25041882129,0.0,0.170551139409,-1.16056965134,3.94092779569,-0.196983676342,-0.0350720791898,0.0,427.59193344123116,426.8395178342016,426.5698746144474,426.7914832567457
1.8600000000000012,0.0367284673464,-0.529767399098,14.1106399534,6.08158855191,6.24776113514,0.0,0.198413150013,-1.32097923146,4.16920068991,-0.202258216952,-0.0783087659075,0.0,497.0810808142083,493.90089989614836,495.1048741537776,494.68238045086986
1.9200000000000013,0.0494586995556,-0.61363679529,14.3653966552,6.06984392961,6.24301102856,0.0,0.226430886487,-1.47583589104,4.32168368765,-0.185167622646,-0.0809446265829,0.0,475.2896432180419,475.08299022831704,474.94079551987784,476.2149523280724
1.9800000000000013,0.0637621648668,-0.705930556724,14.6240953768,6.05898292756,6.2378878578,0.0,0.250777425101,-1.60154693011,4.30132526381,-0.173802769675,-0.0962023926523,0.0,423.0379696844912,421.7153942583711,421.84935806052624,422.7960209732024
2.0400000000000014,0.0797902850888,-0.806781160012,14.885128545,6.04881248781,6.23180084506,0.0,0.284082613625,-1.76107351917,4.39895739051,-0.162073932262,-0.114826036424,0.0,461.98819640231585,460.50854652920646,461.0403221684207,461.9397032762112
2.1000000000000014,0.097911305652,-0.917244175879,15.151259803,6.03891319856,6.22522378189,0.0,0.3206022858,-1.92188988184,4.47133698515,-0.171557337124,-0.10083954555,0.0,454.75274189118784,455.86143487501715,455.45496660021047,454.6703809173914
2.1600000000000015,0.118258207317,-1.03716087091,15.4200952215,6.02863020125,6.21951792351,0.0,0.358154176409,-2.07621124427,4.48929865265,-0.171037936814,-0.0855656753466,0.0,438.0596860811937,439.3201673310177,439.80303483666245,439.8175323843222
2.2200000000000015,0.141003582298,-1.16669027643,15.6905688973,6.01839007791,6.21459708338,0.0,0.400480487089,-2.2423138229,4.525825558,-0.169941359444,-0.0757222915099,0.0,446.47063983736615,447.26767124513,446.20505198863646,446.26676964901446
2.2800000000000016,0.166125024919,-1.3054118566,15.9596172109,6.00801546635,6.21070030344,0.0,0.437232757394,-2.38257774354,4.44233005527,-0.179618919807,-0.0492453135814,0.0,405.3816819240555,407.75045798185516,408.22326378730054,407.3268330324639
2.3400000000000016,0.193795332821,-1.45378860586,16.2273769963,5.99723304195,6.20807765064,0.0,0.485345192047,-2.56423495088,4.48223916521,-0.179883698627,-0.034465370201,0.0,448.78013011508716,449.9772489007308,449.76088452356805,449.70865581820914
2.4000000000000017,0.224707799321,-1.61443056229,16.5013605221,5.98653427903,6.20552587095,0.0,0.54524549044,-2.79143800205,4.64910898078,-0.175346788763,-0.0680517353798,0.0,491.09101480417536,488.59200417266715,491.4834508682688,491.79228551548636
2.4600000000000017,0.258771723919,-1.78703975371,16.7790476216,5.9757536388,6.20110460338,0.0,0.59056470703,-2.96307607755,4.60668444255,-0.190149449098,-0.0884038081651,0.0,427.33784137617573,425.5944772780064,427.74185822949187,426.44624602432765
2.520000000000002,0.295765324675,-1.97061819884,17.0556255702,5.96417582142,6.19622261711,0.0,0.64298913324,-3.15714835492,4.61180842793,-0.199276196885,-0.0700934343722,0.0,443.18903078969385,444.68617840285765,444.4476372211069,443.6623920284443
2.580000000000002,0.33586047748,-2.16558803592,17.331010172,5.95234959835,6.19220678719,0.0,0.693846595611,-3.34280911368,4.56711486228,-0.193085066109,-0.0612581378031,0.0,429.3373851599253,430.08294659752096,427.7908665753015,428.2781858649614
2.640000000000002,0.379399118099,-2.37305822208,17.606974622,5.94054274873,6.18852640458,0.0,0.757744093212,-3.57381172958,4.63050397168,-0.205428292318,-0.0615032825408,0.0,466.298665035992,466.27701603583984,466.50996717103925,465.5089230857187
2.700000000000002,0.427081614183,-2.59546349233,17.8889480263,5.92898182321,6.18466373261,0.0,0.831982667013,-3.84063471335,4.7669098571,-0.174959358299,-0.0708524612329,0.0,492.28915646111653,491.5941460209432,490.070137966034,492.29677378861663
2.760000000000002,0.47871100698,-2.83204529058,18.1733651687,5.91822190197,6.18040044522,0.0,0.889330134802,-4.04627597066,4.71302617093,-0.189929874748,-0.0714623266262,0.0,434.0929870392433,434.03779377118565,433.2534014169595,431.960300346257
2.820000000000002,0.533822791494,-3.08105258244,18.4541847231,5.90737003063,6.17602582163,0.0,0.94806282385,-4.25485072221,4.64698677234,-0.167100400628,-0.0759745085843,0.0,431.1350268124678,430.749227068259,429.4087608802873,431.30812018975297
2.880000000000002,0.592906910273,-3.3440380424,18.7341690865,5.89754379627,6.17098538637,0.0,1.02178390546,-4.51206101871,4.68455798643,-0.157834788207,-0.109328199797,0.0,468.2498889995133,465.6414952211201,467.0146282425156,467.7127253557627
2.940000000000002,0.656343156552,-3.62206459183,19.0148390804,5.88814210021,6.16421590724,0.0,1.09330096063,-4.75619710197,4.67008057024,-0.154510222348,-0.120932677924,0.0,453.2582076577986,452.31328097574874,452.5870252806532,452.8318221071114
3.000000000000002,0.724315703098,-3.91530060508,19.2954330929,5.87905318239,6.15684877322,0.0,1.1730589595,-5.01898107566,4.68179602864,-0.146031608695,-0.126771558027,0.0,463.92987123000785,463.4580964268592,463.7138611146386,464.3589575327924
3.0600000000000023,0.796543699645,-4.222419922,19.5717937631,5.87006983113,6.14959101995,0.0,1.2350827868,-5.21912391896,4.52993904768,-0.158360805466,-0.111339397582,0.0,408.58885289370954,409.9479692063767,409.47215633538633,408.35019224719355
3.1200000000000023,0.873642677312,-4.54481575701,19.8460273382,5.86030387074,6.14270908847,0.0,1.33543340206,-5.52797896761,4.6093255353,-0.173463504212,-0.12243728984,0.0,490.29621017299746,489.46034561826116,489.86567590818385,488.7183145007426
3.1800000000000024,0.9559854681,-4.88328987111,20.1189538569,5.84988695433,6.13596419439,0.0,1.40983525225,-5.75532985698,4.48754780572,-0.17392010533,-0.0975478729864,0.0,425.23174184707636,427.34685648337,424.5744732883447,424.50475760386684
3.2400000000000024,1.04314575574,-5.23630447283,20.3860033955,5.8398675628,6.13000103396,0.0,1.49592565716,-6.01259079623,4.41305955527,-0.155863334143,-0.103338652468,0.0,443.31034655901374,442.8255849424953,444.4927397155015,445.9435283132727
3.3000000000000025,1.13515771743,-5.60379855667,20.646052138,5.83042700113,6.12363657911,0.0,1.57158147842,-6.23804475109,4.25470768809,-0.160474568088,-0.112193817458,0.0,416.67535394072814,415.88952455327393,415.86756788244026,415.43797955386907
3.3600000000000025,1.23228101866,-5.98629005502,20.8991504715,5.82093318074,6.11705954742,0.0,1.66632575733,-6.51237545386,4.18071837572,-0.154087459439,-0.10491032584,0.0,447.916074405091,448.4976391400546,448.1569183976064,448.65237629142035
3.4200000000000026,1.33505073281,-6.3850412802,21.1468876773,5.812150436,6.11094147162,0.0,1.75974894394,-6.78004761289,4.07616373272,-0.134255910174,-0.0966554950134,0.0,439.88561684785884,440.5596926303312,439.37320108827834,440.9941196515469
3.4800000000000026,1.44486310184,-6.80352166366,21.3950474735,5.80373766915,6.10571137374,0.0,1.90094259574,-7.1695214356,4.19323721481,-0.156078061929,-0.0729053587547,0.0,516.1865805875527,517.8548674338834,517.3254371177691,515.7706126553777
3.5400000000000027,1.56228388845,-7.2430949636,21.6452414054,5.79404689346,6.10117156406,0.0,2.01329229534,-7.48353221059,4.14493184874,-0.175512661408,-0.0818418156535,0.0,468.93122624277606,468.2321199385061,469.11676859245955,467.5810870725682
3.6000000000000028,1.68534785576,-7.69872428015,21.8867539805,5.78412597393,6.0959307689,0.0,2.0891821795,-7.70512432805,3.90511983586,-0.150329259461,-0.101600150117,0.0,401.8172793155387,400.0139623317583,400.2858102755995,402.5418692371429
3.660000000000003,1.81381903687,-8.16981542375,22.1173908037,5.77502461875,6.09037044588,0.0,2.19352499807,-7.99862490071,3.78150051952,-0.15455446078,-0.0790606352836,0.0,445.8660244410341,447.6967605413381,447.26006076650975,446.89416045688114
3.720000000000003,1.94822985252,-8.65771773452,22.3386604172,5.76608988404,6.08624548647,0.0,2.28708461266,-8.2656566988,3.59328034192,-0.139523119016,-0.0535564086172,0.0,424.0722213934977,426.25395812009964,425.91896195196307,427.1809749386616
3.780000000000003,2.0894538235,-9.16468243679,22.5534811347,5.75847477595,6.08282876491,0.0,2.42038904064,-8.63358079809,3.56533819167,-0.109328189775,-0.0647676124395,0.0,485.94406981014134,485.10075268991244,485.5388998534773,487.7857879459507
3.840000000000003,2.23762375699,-9.69119346846,22.7617209805,5.75253514819,6.07904800586,0.0,2.51881170294,-8.91759056339,3.37512867132,-0.0837786045256,-0.0597168933737,0.0,432.28457735114193,432.70710850975064,431.0076160012191,433.15315981584536
3.900000000000003,2.39294695125,-10.2378562403,22.9633923021,5.74778019198,6.07566465694,0.0,2.6586301562,-9.30474293862,3.34520033058,-0.0714601444947,-0.0504515441282,0.0,491.8773566943339,492.5613775974771,491.74542817959,492.6529210520414
3.960000000000003,2.55627094646,-10.8068667439,23.1612910241,5.74411724727,6.0723502153,0.0,2.78553195242,-9.66270778728,3.24983404398,-0.0457453115461,-0.0671336391056,0.0,475.3264113006211,474.04392580756644,472.80786832714216,474.7828662346334
4.020000000000002,2.72620146888,-11.3950010349,23.3490757344,5.74251630039,6.06811736838,0.0,2.87909424678,-9.94273436137,3.00918825434,-0.00346146283066,-0.0784354107892,0.0,424.45768114168646,423.4821650182736,421.73305867176,425.3703977355387
4.080000000000001,2.90178984664,-12.0000962349,23.5222707932,5.74225692277,6.0630850518,0.0,2.9741892994,-10.2281057533,2.76358440448,-0.006104251244,-0.0978905647682,0.0,423.7320433187347,422.04924978453187,423.0988757762973,422.87127815280326
4.14,3.08436927308,-12.6252953405,23.6852637036,5.741741285,6.05744199744,0.0,3.11204788127,-10.6122448908,2.66789730045,-0.014107231573,-0.0873097651686,0.0,480.1937157227177,480.9891173301046,479.73465108484663,479.1265262294499
4.199999999999998,3.27457768442,-13.2720863881,23.8396239732,5.74065694627,6.05219463073,0.0,3.22851650014,-10.9483065249,2.47641527439,-0.0274955798195,-0.087750220712,0.0,448.8045760019197,448.7625594045477,450.20112753838674,449.1162094083881
4.259999999999997,3.47201318541,-13.9396176305,23.9829399799,5.73865280833,6.04681929494,0.0,3.35291602836,-11.3035685999,2.29946986126,-0.0491035317343,-0.0935432965014,0.0,457.96345783437454,457.4958173682839,457.9015935032527,456.1783087319711
4.319999999999996,3.67635175537,-14.627328253,24.1131998778,5.73644318181,6.04115254005,0.0,3.45870784647,-11.62133132,2.04165345392,-0.0195552017998,-0.0963137263051,0.0,429.7388611106919,429.49596362799514,429.20217626775826,431.70274064991986
4.379999999999995,3.88804768719,-15.3363269355,24.2310557398,5.73523567924,6.03576887943,0.0,3.59803923713,-12.0127750583,1.88521981934,-0.0212897022407,-0.0790479639281,0.0,469.73442583388066,471.06550352016376,470.6530310487049,470.5187756261456
4.439999999999993,4.1078047306,-16.068297667,24.3380620399,5.73350317075,6.0319357336,0.0,3.72733814918,-12.3873542165,1.6802665573,-0.0517991800197,-0.0438798269471,0.0,455.3666224655783,458.16889369289396,458.01085807469894,455.57663697728515
4.499999999999992,4.33499273551,-16.8222788567,24.4313416269,5.73078845035,6.02896427345,0.0,3.84566456124,-12.7467285672,1.42779959802,-0.0346049637837,-0.0642747713316,0.0,443.08425823613845,441.4020523880785,442.0699250548575,443.4837311521186
4.559999999999991,4.56973311086,-17.5989777836,24.5106295741,5.72910869671,6.02460913915,0.0,3.97910801688,-13.1444926962,1.21350196552,-0.0172806905953,-0.0995815913808,0.0,461.73955186938326,458.94027687885784,459.4067129989935,460.77858889140344
4.6199999999999894,4.81244770518,-18.3996754865,24.5765214458,5.72789639023,6.01852425913,0.0,4.11165015863,-13.5468075814,0.981271843112,-0.0268101557648,-0.105355524091,0.0,456.80651129710395,456.33705996443985,459.1331893183031,458.3762665724052
4.679999999999988,5.06370890508,-19.2258427242,24.629823051,5.72602590961,6.01269299651,0.0,4.26389575914,-13.9933248017,0.79323170069,-0.0417658207684,-0.0844907349838,0.0,476.8633158125552,478.44745436985835,479.17712064273456,478.0381487152028
4.739999999999987,5.32209520352,-20.0751899162,24.6651795408,5.72348036668,6.00822955775,0.0,4.34937108254,-14.3205737666,0.384676773157,-0.0437788858554,-0.0594328313724,0.0,395.5138826550635,397.81071033765306,397.78667009096245,397.60098759665647
4.799999999999986,5.58563762647,-20.9445668836,24.6757483341,5.72107525484,6.00455708034,0.0,4.43570201025,-14.6611269317,-0.0331227625437,-0.0335684496005,-0.0650162907871,0.0,395.41249700309714,394.8943587453773,394.8383514427076,395.7785815684958
4.859999999999984,5.85495529751,-21.8358697849,24.6626501339,5.71904120072,6.00063068687,0.0,4.54178988303,-15.0513414819,-0.404759291349,-0.0345740923686,-0.0663004111502,0.0,417.36228895066165,417.24668502805537,417.2493384037468,417.160950862164
4.919999999999983,6.13259429916,-22.7545852326,24.6325259153,5.7165941374,5.9971427485,0.0,4.71268507827,-15.5741740092,-0.602290420227,-0.0576308590486,-0.0454313653608,0.0,487.06272685991246,488.6193676814873,488.43439804025815,486.710407138899
4.979999999999982,6.41975939405,-23.7037714285,24.5879827914,5.71328970186,5.99397710973,0.0,4.8593613006,-16.0674983091,-0.88508595361,-0.0503979267118,-0.0744092384168,0.0,465.4580773185591,463.18190730426204,463.2665971990707,463.8332748472621
5.0399999999999805,6.71589993847,-24.6833455257,24.5264713591,5.7100228664,5.98892421677,0.0,5.01196324194,-16.5871865065,-1.16821153442,-0.0641089358367,-0.125869588512,0.0,472.08231451447693,468.0864283563467,471.6107549804917,470.54829197975084
